=== W_hh (8 × 8) ===
     -0 0.21017935872077945      -1 -0.7431459426879883 -0.1841869205236435       0      -1      -1
     -0 0.7752955555915833       1      -0 0.7220034599304199 -0.23444361984729767 -0.4332236647605896      -0
      0 0.23400789499282837       1      -0       0 -1.2279077768325806       0      -0
-0.23879966139793396      -0       0 0.5351768136024475      -0       1       0       0
     -0 0.4805911183357239       1 -0.48213991522789      -0 -0.33899587392807007      -0 -0.40993359684944153
-0.6334766745567322      -1      -1 -0.2736836373806      -1      -0      -0      -0
     -0 -0.18300876021385193       1 -0.5653965473175049 0.28134623169898987 0.6561574339866638       1       0
      0      -0      -0       0      -1 0.5679212212562561       0 1.2878483533859253

=== W_hx (8 × 16) ===
      0      -0      -0      -1       0       0      -0      -0       0      -0      -0      -0       0       0      -1      -1
0.3263126313686371      -1      -1      -0       0      -1       0      -0       2      -1      -0       1       0       1 0.3414354920387268 -0.2663854956626892
0.17772310972213745      -3      -1 0.4096367657184601       1      -1       1 -0.6587909460067749       1      -0       2      -0      -2       0       0 0.32920199632644653
     -0      -2      -0 1.627184510231018      -0       0      -1      -0       0       0      -1      -1      -0      -0      -1       0
     -0       1       0      -0      -0      -0       1       1       1      -1       1       1      -0       1      -0      -0
-0.5099276304244995       0       2       1       1       0      -0      -0       0      -0       0      -0       1      -1 -0.5358111262321472       0
-1.5615456104278564       2      -0       0      -0      -0       1       0       1      -0       2       2      -0       1 0.30480000376701355      -0
      0      -0      -0       1       0      -0      -1 0.7056009769439697       0      -0       0      -1       0      -1      -1 0.4681675136089325

=== b_h (8) ===
     -1       0      -1 0.8227918744087219 -0.3771389424800873      -0      -0 -0.664259135723114

=== W_y (4 × 8) ===
0.7023898363113403 0.6312451362609863      -0       1      -0       0      -3      -1
      0 0.5571544170379639       1      -0      -0      -1       0       0
      0      -1      -1       1      -1       0 0.33210164308547974       1
     -0 -1.8027139902114868      -0      -1      -0       0       1      -0

=== b_y (4) ===
      4      -2      -1       0
